; UNIQUE scope: merged
; Nombre de blocs fusionnés: 1
; [tiator] [71-70-073-001_50-70-099-002 Carte Capteur Atm'O testee]

[ROM_DEFAULT_TARGET] .*ips-pluvio.*\.bsm.ClassA\.lrctm\.EU\.chkpt\.wdt2.*-dfp-br.333V0.*\.txt 8_MEAS15M_BATCH15M+ALARM1M
@10a00
06 11 50 00 50 02 03
11 11 06 04 02 15 00 00 00 80 0F 80 0F 00 00 00 01 03
11 11 06 04 05 15 00 00 00 80 0F 80 0F 00 00 00 01 0B
11 11 06 04 03 15 00 00 00 80 0F 80 0F 00 00 00 01 13
16 11 06 00 50 9F 00 06 04 80 0A A7 60 01 B1 0B B8 00 64 01 00 01 2B
12 11 06 04 02 90 00 00 29 80 01 FF FF B1 02 BC 00 64 01
12 11 06 04 02 90 00 00 29 80 01 FF FF D2 09 C4 00 64 01
12 11 06 04 05 90 00 00 21 80 01 FF FF B1 00 64 00 64 01
12 11 06 04 05 90 00 00 21 80 01 FF FF D2 1B 58 00 64 01
12 11 06 04 03 90 00 00 29 80 0F FF FF B1 03 C0 00 64 01
12 11 06 04 03 90 00 00 29 80 0F FF FF D2 04 06 00 64 01
