; UNIQUE scope: merged
; Nombre de blocs fusionnés: 2
; [stmator] [71-70-128-002_50-70-205-002_TH 2]
; [stmator] [71-70-155-000_50-70-247-000_ClimO]

[ROM_DEFAULT_TARGET] .*_ips-thpl.*ClassA.lrctm.EU.chkpt.wdt2.*V0.*.hex CONF_DALKIA_TEMP_HUM_MES10M_TX1H_PILE_MES24H_TX24H
# --------------------------------------------------------------------------------------------
@
06 11 50 00 50 02 03
08 11 05 8004 0000 08 00
11 11 06 04 02 15 00 00 00 80 0A 80 3C 00 00 00 0A 02
11 11 06 04 05 15 00 00 00 80 0A 80 3C 00 00 00 64 0A
11 11 06 00 50 15 00 06 04 85 A0 85 A0 00 00 00 01 12
0D 11 06 00 0F 00 00 55 10 00 01 FF FF 01
00
08 11 05 8004 0000 08 00
06 11 50 0050 02 03
0F 11 06 0402 80 0000 29 8001 801E 48 0028
0F 11 06 0405 80 0000 21 8001 801E 48 0190
12 11 06 0050 00 0006 41 800a 85a0 05 00 04 01f4 00
0D 11 06 000f 00 0055 10 0001 85a0 01
FF
