; UNIQUE scope: merged
; Nombre de blocs fusionnés: 1
; [tiator] [71-70-035-006_Carte TIC PME PMI Testee]

[ROM_DEFAULT_TARGET] V3.5.0.4415.5705_ips-tic.bsm.ClassA.lrctm.EU.chkpt.wdt2-dfp-br.331V2-bcts.sx-lr.ROMCfg.txt DEFAULT
@10a00
06 11 50 00 50 02 03
1F 11 06 00 54 00 00 00 41 80 0A 82 D0 12 08 00 00 01 07 d1 ff c0 08 00 00 00 04 00 00 00 00 01
23 11 06 00 53 00 00 00 41 80 0A b8 40 16 08 00 01 00 00 00 00 67 08 00 00 00 00 00 00 41 2a 00 44 45 50 00
1D 11 06 00 53 00 00 01 41 00 3c 82 d0 10 08 00 00 00 00 03 ff f9 08 00 00 00 00 00 00 00
1D 11 06 00 53 00 00 02 41 80 0A 88 70 10 08 00 00 00 00 03 ff f3 08 00 00 00 00 00 00 00
21 11 06 00 55 00 00 00 41 00 3c 82 d0 14 08 00 00 00 00 00 01 ff 08 00 00 00 00 00 00 06 2a 00 2a 00
1D 11 06 00 56 00 00 00 41 00 00 85 a0 10 08 00 00 01 80 10 00 2b 08 00 00 00 00 00 00 00
19 11 06 00 56 00 01 00 41 02 58 85 a0 0c 03 0f d4 22 02 5e 00 00 00 01 00 00
24 11 06 00 57 00 00 00 41 00 00 00 00 17 48 80 07 00 00 00 10 0e 64 03 0c 28 00 00 00 01 00 00 01 00 00 00 01
